2
3
4
5
6
8
9
11
12
13
14
15
16
17
19
20
21
22
23
24
25
26
27
29
30
31
32
33
34
35
36
37
38
39
40
41
42
43
44
45
47
48
49
50
52
54
55
56
57
60
61
65
66
68
69
70
73
76
77
78
79
80
81
82
83
87
89
90
91
92
93
94
95
96
97
98
99
100
101
102
103
104
105
106
107
108
110
111
113
114
116
117
118
119
120
121
122
123
125
126
127
128
129
131
132
134
136
138
139
140
141
142
143
145
146
147
148
149
152
153
154
155
158
160
162
163
164
165
167
169
170
171
172
174
175
179
180
181
182
183
184
185
186
187
188
190
191
192
193
194
195
197
198
199
200
201
202
203
204
206
207
209
210
211
212
213
214
215
216
217
218
219
220
221
222
223
224
225
227
229
231
232
233
234
235
236
237
239
240
241
242
243
244
245
246
247
248
249
250
251
252
255
256
257
258
261
262
263
265
266
267
269
271
272
273
276
279
280
282
283
284
285
286
287
288
289
290
291
292
294
295
296
297
298
299
300
301
302
305
306
307
310
311
312
313
314
315
317
318
320
321
322
325
327
328
329
330
331
332
333
334
336
337
338
339
340
341
342
343
344
345
346
347
351
352
353
354
355
357
358
359
360
361
362
363
365
366
367
368
369
370
371
372
373
374
375
376
377
378
379
380
381
382
383
384
386
387
388
390
391
392
393
394
396
397
398
399
400
401
402
403
404
406
407
408
409
410
411
412
414
417
418
419
420
422
423
424
425
426
427
428
429
430
431
432
434
436
437
438
439
442
443
444
445
447
448
449
451
454
456
457
459
461
462
463
465
466
467
468
469
470
472
473
474
475
476
477
478
479
480
481
482
484
486
487
489
490
491
492
493
494
497
498
499
500
501
502
505
506
507
508
509
510
511
512
513
514
517
519
521
522
523
524
525
526
527
528
529
530
531
532
533
534
535
536
537
538
539
540
541
542
543
544
547
548
549
550
551
553
554
555
556
557
558
559
560
561
562
563
564
565
566
567
568
571
572
573
574
575
576
577
578
579
580
581
583
586
587
588
590
591
593
594
595
596
597
598
599
601
604
605
607
608
609
610
611
612
614
615
616
617
618
619
620
621
622
624
625
626
627
628
629
632
633
634
635
636
637
638
639
640
641
642
643
644
646
647
649
650
651
652
653
655
656
657
659
660
661
662
663
664
666
667
668
669
670
672
674
677
678
679
680
681
682
685
687
688
689
690
692
694
695
697
698
700
701
702
703
704
706
707
709
710
711
712
713
715
716
718
719
720
721
723
724
726
727
729
730
731
732
734
735
737
738
741
742
743
744
747
748
749
750
751
754
755
756
757
758
759
763
764
765
767
768
769
770
771
773
774
775
776
778
779
780
781
782
783
784
785
786
787
788
790
791
792
793
794
795
796
797
798
799
801
802
803
805
806
808
809
810
811
812
813
814
816
817
818
820
821
822
823
824
826
827
828
829
830
831
832
833
834
835
836
837
838
839
840
841
843
845
846
849
850
851
852
853
854
855
856
857
858
859
860
863
864
865
866
867
868
869
870
871
872
873
875
876
877
878
879
880
881
882
883
884
885
886
888
889
890
893
894
896
897
899
900
901
902
904
905
906
907
908
910
911
912
914
915
916
917
918
919
920
921
922
923
924
927
928
929
930
931
932
933
934
935
936
938
939
943
944
945
947
948
949
950
951
952
953
954
955
957
958
959
960
961
963
964
965
966
967
968
969
970
971
972
973
974
975
977
978
979
980
981
983
984
985
986
987
988
989
991
993
994
996
997
998
1000
1001
1002
1003
1004
1006
1007
1008
1009
1010
1011
1013
1014
1015
1016
1017
1018
1019
1020
1022
1025
1026
1028
1029
1030
1031
1032
1033
1034
1035
1036
1038
1039
1040
1041
1043
1044
1046
1047
1048
1049
1050
1051
1052
1054
1055
1057
1058
1059
1060
1062
1063
1064
1065
1066
1067
1068
1069
1070
1071
1072
1074
1075
1076
1077
1078
1079
1080
1081
1082
1083
1084
1085
1086
1087
1088
1089
1090
1091
1092
1093
1094
1095
1097
1099
1100
1101
1102
1103
1105
1106
1107
1108
1110
1111
1112
1113
1115
1116
1118
1119
1120
1124
1126
1127
1128
1129
1130
1133
1134
1136
1137
1138
1139
1140
1142
1143
1144
1145
1147
1148
1149
1150
1151
1152
1153
1154
1155
1156
1159
1160
1161
1163
1165
1166
1167
1168
1170
1172
1173
1174
1175
1176
1177
1178
1179
1180
1181
1182
1183
1184
1185
1187
1188
1189
1191
1192
1193
1194
1195
